4294967278,139
4294967294,61
4294967278,138
4294967278,55
4294967278,54
4294967278,53
4294967278,51
4294967278,44
4294967278,43
4294967278,41
4294967278,38
4294967279,136
4294967278,136
4294967279,135
4294967278,135
4294967279,134
4294967279,133
4294967279,271
4294967294,1100
4294967279,333
4294967278,132
4294967278,131
4294967278,129
4294967278,127
4294967278,126
4294967278,125
4294967278,252
4294967278,122
4294967278,120
4294967278,119
4294967278,118
4294967278,117
4294967278,116
4294967278,111
4294967278,109
4294967278,108
4294967278,107
4294967278,106
4294967278,104
4294967278,103
4294967278,102
4294967278,101
4294967278,97
4294967278,215
4294967278,95
4294967278,375
4294967278,93
4294967278,92
4294967278,91
4294967278,90
4294967278,86
4294967278,84
4294967278,83
4294967278,310
4294967278,82
4294967278,81
4294967278,80
4294967278,79
4294967278,78
4294967278,77
4294967278,75
4294967278,74
4294967278,73
4294967278,72
4294967278,68
4294967278,66
4294967278,373
4294967278,64
4294967278,63
4294967278,62
4294967278,61
4294967278,293
4294967278,32
4294967278,30
4294967278,307
4294967278,29
4294967278,27
4294967278,260
4294967278,401
4294967279,84
4294967279,83
4294967279,82
4294967279,77
4294967279,76
4294967279,75
4294967279,69
4294967279,67
4294967279,528
4294967279,66
4294967279,570
4294967279,64
4294967279,63
4294967279,294
4294967279,58
4294967279,56
4294967279,55
4294967279,54
4294967279,53
4294967279,51
4294967279,50
4294967279,49
4294967279,48
4294967279,45
4294967279,44
4294967279,41
4294967279,39
4294967279,38
4294967279,37
4294967279,36
4294967279,35
4294967279,30
4294967279,28
4294967279,27
4294967279,26
4294967279,25
4294967279,23
4294967279,22
4294967279,21
4294967279,20
4294967279,16
4294967279,14
4294967279,13
4294967279,12
4294967279,11
4294967279,9
4294967279,6
4294967279,4
4294967279,283
4294967294,180
4294967294,189
4294967294,188
4294967294,30
4294967294,163
4294967294,165
4294967294,176
4294967278,329
4294967279,341
4294967279,10
4294967294,11
4294967294,175
4294967294,183
4294967294,173
4294967294,18
4294967294,127
4294967294,14
4294967294,126
4294967294,20
4294967294,13
4294967294,166
4294967294,24
4294967294,12
4294967294,104
4294967294,106
4294967294,160
4294967294,168
4294967294,162
4294967294,68
4294967279,258
4294967278,264
4294967278,285
4294967279,254
4294967278,411
4294967278,130
4294967278,115
4294967278,124
4294967278,395
4294967279,329
4294967294,182
4294967294,391
4294967278,320
4294967278,253
4294967278,250
4294967279,558
169,6
4294967278,242
169,5
169,4
4294967278,240
169,3
169,2
169,1
4294967278,399
4294967278,410
4294967278,114
4294967278,105
4294967294,387
4294967278,113
4294967278,394
4294967279,313
4294967278,112
4294967278,235
4294967294,472
4294967278,110
4294967278,231
4294967278,220
4294967278,218
4294967294,1000
4294967294,185
4294967278,100
4294967278,317
4294967294,50
4294967294,393
4294967278,409
4294967278,99
4294967278,98
4294967278,357
4294967294,1418
4294967279,328
4294967278,96
4294967278,393
4294967278,94
4294967278,383
4294967279,203
166,6
4294967279,205
166,5
166,4
4294967279,204
166,3
166,2
166,1
4294967278,203
4294967279,535
4294967294,81
4294967294,9
4294967278,89
4294967279,309
4294967279,259
4294967279,260
4294967278,87
4294967278,353
4294967279,324
4294967278,199
4294967278,85
4294967278,198
4294967279,307
4294967278,197
4294967278,195
4294967278,194
4294967279,305
4294967278,76
4294967278,190
4294967278,347
4294967279,188
4294967278,187
163,4
4294967279,187
163,3
163,2
163,1
4294967279,531
4294967278,186
4294967279,186
4294967278,71
4294967279,62
4294967294,420
4294967294,385
4294967294,191
4294967294,113
4294967294,417
4294967294,108
4294967279,71
4294967279,530
4294967278,408
4294967278,70
4294967279,70
4294967279,183
4294967279,299
4294967278,69
4294967278,181
4294967279,68
4294967278,67
4294967278,65
4294967278,339
4294967279,65
4294967279,571
4294967278,177
162,6
4294967279,177
162,5
4294967278,176
162,4
162,3
162,2
162,1
4294967279,297
4294967278,175
4294967279,61
4294967279,296
4294967279,52
4294967278,60
4294967279,60
4294967279,59
4294967279,57
4294967279,169
4294967279,330
4294967279,168
4294967279,167
4294967278,166
4294967279,166
4294967278,165
4294967279,524
4294967278,380
4294967279,47
4294967279,320
4294967294,1015
4294967294,997
4294967294,995
4294967278,384
4294967279,340
4294967279,46
4294967278,297
4294967279,157
159,7
4294967279,34
4294967279,43
4294967279,569
4294967278,407
4294967278,349
4294967279,42
4294967279,551
4294967294,386
4294967279,40
4294967279,327
4294967278,378
4294967278,150
159,6
159,5
159,4
159,3
159,2
159,1
4294967279,289
4294967279,33
4294967279,518
4294967279,24
4294967279,32
4294967278,143
4294967279,31
4294967278,142
4294967279,141
4294967279,29
4294967279,140
4294967279,244
4294967279,138
4294967279,272
4294967279,285
4294967278,134
4294967278,133
4294967294,436
4294967279,19
4294967279,267
4294967279,18
4294967279,266
4294967278,284
4294967278,0
4294967278,286
4294967279,17
4294967279,549
4294967278,273
4294967279,15
4294967279,265
4294967279,562
4294967278,267
156,6
156,5
4294967279,261
156,4
156,3
156,2
156,1
4294967279,275
4294967278,364
4294967278,128
4294967279,8
4294967279,560
